# debug of kernelComputation (n=15, u=20, t=150)
# k=9  KU=181

=== Iteration 1 ===
vPrime: -1000000000 3 7 6 2 10 8 1 9 5 4 11 12 14 13 16 -1000000000 -1000000000 -1000000000 -1000000000 -1000000000 -1000000000 -1000000000 -1000000000 -1000000000 -1000000000 -1000000000 -1000000000 -1000000000 -1000000000 -1000000000 -1000000000 -1000000000 -1000000000 -1000000000 -1000000000 -1000000000 -1000000000 -1000000000 -1000000000 -1000000000 -1000000000 -1000000000 -1000000000 -1000000000 -1000000000 -1000000000 -1000000000 -1000000000 -1000000000 -1000000000 -1000000000 -1000000000 -1000000000 -1000000000 -1000000000 -1000000000 -1000000000 -1000000000 -1000000000 -1000000000 -1000000000 -1000000000 -1000000000 -1000000000 -1000000000 -1000000000 -1000000000 -1000000000 -1000000000 -1000000000 -1000000000 -1000000000 -1000000000 -1000000000 -1000000000 -1000000000 -1000000000 -1000000000 -1000000000 -1000000000 -1000000000 -1000000000 -1000000000 -1000000000 -1000000000 -1000000000 -1000000000 -1000000000 -1000000000 -1000000000 -1000000000 -1000000000 -1000000000 -1000000000 -1000000000 -1000000000 -1000000000 -1000000000 -1000000000 -1000000000 -1000000000 -1000000000 -1000000000 -1000000000 -1000000000 -1000000000 -1000000000 -1000000000 -1000000000 -1000000000 -1000000000 -1000000000 -1000000000 -1000000000 -1000000000 -1000000000 -1000000000 -1000000000 -1000000000 -1000000000 -1000000000 -1000000000 -1000000000 -1000000000 -1000000000 -1000000000 -1000000000 -1000000000 -1000000000 -1000000000 -1000000000 -1000000000 -1000000000 -1000000000 -1000000000 -1000000000 -1000000000 -1000000000 -1000000000 -1000000000 -1000000000 -1000000000 -1000000000 -1000000000 -1000000000 -1000000000 -1000000000 -1000000000 -1000000000 -1000000000 -1000000000 -1000000000 -1000000000 -1000000000 -1000000000 -1000000000 -1000000000 -1000000000 -1000000000 -1000000000 -1000000000 -1000000000 -1000000000 -1000000000 -1000000000 -1000000000 -1000000000 -1000000000 -1000000000 -1000000000 -1000000000 -1000000000 -1000000000 -1000000000 -1000000000 -1000000000 -1000000000 -1000000000 -1000000000 -1000000000
v_w   : 0 -1000000000 -1000000000 -1000000000 -1000000000 -1000000000 -1000000000 -1000000000 -1000000000 -1000000000 -1000000000 -1000000000 -1000000000 -1000000000 -1000000000 -1000000000 -1000000000 -1000000000 -1000000000 -1000000000 -1000000000 -1000000000 -1000000000 -1000000000 -1000000000 -1000000000 -1000000000 -1000000000 -1000000000 -1000000000 -1000000000 -1000000000 -1000000000 -1000000000 -1000000000 -1000000000 -1000000000 -1000000000 -1000000000 -1000000000 -1000000000 -1000000000 -1000000000 -1000000000 -1000000000 -1000000000 -1000000000 -1000000000 -1000000000 -1000000000 -1000000000 -1000000000 -1000000000 -1000000000 -1000000000 -1000000000 -1000000000 -1000000000 -1000000000 -1000000000 -1000000000 -1000000000 -1000000000 -1000000000 -1000000000 -1000000000 -1000000000 -1000000000 -1000000000 -1000000000 -1000000000 -1000000000 -1000000000 -1000000000 -1000000000 -1000000000 -1000000000 -1000000000 -1000000000 -1000000000 -1000000000 -1000000000 -1000000000 -1000000000 -1000000000 -1000000000 -1000000000 -1000000000 -1000000000 -1000000000 -1000000000 -1000000000 -1000000000 -1000000000 -1000000000 -1000000000 -1000000000 -1000000000 -1000000000 -1000000000 -1000000000 -1000000000 -1000000000 -1000000000 -1000000000 -1000000000 -1000000000 -1000000000 -1000000000 -1000000000 -1000000000 -1000000000 -1000000000 -1000000000 -1000000000 -1000000000 -1000000000 -1000000000 -1000000000 -1000000000 -1000000000 -1000000000 -1000000000 -1000000000 -1000000000 -1000000000 -1000000000 -1000000000 -1000000000 -1000000000 -1000000000 -1000000000 -1000000000 -1000000000 -1000000000 -1000000000 -1000000000 -1000000000 -1000000000 -1000000000 -1000000000 -1000000000 -1000000000 -1000000000 -1000000000 -1000000000 -1000000000 -1000000000 -1000000000 -1000000000 -1000000000 -1000000000 -1000000000 -1000000000 -1000000000 -1000000000 -1000000000 -1000000000 -1000000000 -1000000000 -1000000000 -1000000000 -1000000000 -1000000000 -1000000000 -1000000000 -1000000000 -1000000000 -1000000000 -1000000000 -1000000000 -1000000000 -1000000000 -1000000000 -1000000000 -1000000000 -1000000000 -1000000000 -1000000000 -1000000000 -1000000000
minW  : 0 1 2 3 4 5 6 7 8 9 10 11 12 13 14 15 0 0 0 0 0 0 0 0 0 0 0 0 0 0 0 0 0 0 0 0 0 0 0 0 0 0 0 0 0 0 0 0 0 0 0 0 0 0 0 0 0 0 0 0 0 0 0 0 0 0 0 0 0 0 0 0 0 0 0 0 0 0 0 0 0 0 0 0 0 0 0 0 0 0 0 0 0 0 0 0 0 0 0 0 0 0 0 0 0 0 0 0 0 0 0 0 0 0 0 0 0 0 0 0 0 0 0 0 0 0 0 0 0 0 0 0 0 0 0 0 0 0 0 0 0 0 0 0 0 0 0 0 0 0 0 0 0 0 0 0 0 0 0 0 0 0 0 0 0 0 0 0 0 0 0 0 0 0 0 0 0 0 0 0 0
sol[]: [1:sz=1,v=3,w=1] [2:sz=1,v=7,w=2] [3:sz=1,v=6,w=3] [4:sz=1,v=2,w=4] [5:sz=1,v=10,w=5] [6:sz=1,v=8,w=6] [7:sz=1,v=1,w=7] [8:sz=1,v=9,w=8] [9:sz=1,v=5,w=9] [10:sz=1,v=4,w=10] [11:sz=1,v=11,w=11] [12:sz=1,v=12,w=12] [13:sz=1,v=14,w=13] [14:sz=1,v=13,w=14] [15:sz=1,v=16,w=15]
Max kernel support size: 1
Max kernel index: 15
Entries in solution with max support size (index 15): (15, 1) 

=== Iteration 2 ===
vPrime: -1000000000 3 7 10 14 13 13 17 16 14 20 18 16 19 19 21 21 23 24 23 26 24 22 25 25 26 28 28 30 29 32 -1000000000 -1000000000 -1000000000 -1000000000 -1000000000 -1000000000 -1000000000 -1000000000 -1000000000 -1000000000 -1000000000 -1000000000 -1000000000 -1000000000 -1000000000 -1000000000 -1000000000 -1000000000 -1000000000 -1000000000 -1000000000 -1000000000 -1000000000 -1000000000 -1000000000 -1000000000 -1000000000 -1000000000 -1000000000 -1000000000 -1000000000 -1000000000 -1000000000 -1000000000 -1000000000 -1000000000 -1000000000 -1000000000 -1000000000 -1000000000 -1000000000 -1000000000 -1000000000 -1000000000 -1000000000 -1000000000 -1000000000 -1000000000 -1000000000 -1000000000 -1000000000 -1000000000 -1000000000 -1000000000 -1000000000 -1000000000 -1000000000 -1000000000 -1000000000 -1000000000 -1000000000 -1000000000 -1000000000 -1000000000 -1000000000 -1000000000 -1000000000 -1000000000 -1000000000 -1000000000 -1000000000 -1000000000 -1000000000 -1000000000 -1000000000 -1000000000 -1000000000 -1000000000 -1000000000 -1000000000 -1000000000 -1000000000 -1000000000 -1000000000 -1000000000 -1000000000 -1000000000 -1000000000 -1000000000 -1000000000 -1000000000 -1000000000 -1000000000 -1000000000 -1000000000 -1000000000 -1000000000 -1000000000 -1000000000 -1000000000 -1000000000 -1000000000 -1000000000 -1000000000 -1000000000 -1000000000 -1000000000 -1000000000 -1000000000 -1000000000 -1000000000 -1000000000 -1000000000 -1000000000 -1000000000 -1000000000 -1000000000 -1000000000 -1000000000 -1000000000 -1000000000 -1000000000 -1000000000 -1000000000 -1000000000 -1000000000 -1000000000 -1000000000 -1000000000 -1000000000 -1000000000 -1000000000 -1000000000 -1000000000 -1000000000 -1000000000 -1000000000 -1000000000 -1000000000 -1000000000 -1000000000 -1000000000 -1000000000 -1000000000 -1000000000 -1000000000 -1000000000 -1000000000 -1000000000 -1000000000
v_w   : 0 48 112 96 32 160 128 16 144 80 64 176 192 224 208 256 -1000000000 -1000000000 -1000000000 -1000000000 -1000000000 -1000000000 -1000000000 -1000000000 -1000000000 -1000000000 -1000000000 -1000000000 -1000000000 -1000000000 -1000000000 -1000000000 -1000000000 -1000000000 -1000000000 -1000000000 -1000000000 -1000000000 -1000000000 -1000000000 -1000000000 -1000000000 -1000000000 -1000000000 -1000000000 -1000000000 -1000000000 -1000000000 -1000000000 -1000000000 -1000000000 -1000000000 -1000000000 -1000000000 -1000000000 -1000000000 -1000000000 -1000000000 -1000000000 -1000000000 -1000000000 -1000000000 -1000000000 -1000000000 -1000000000 -1000000000 -1000000000 -1000000000 -1000000000 -1000000000 -1000000000 -1000000000 -1000000000 -1000000000 -1000000000 -1000000000 -1000000000 -1000000000 -1000000000 -1000000000 -1000000000 -1000000000 -1000000000 -1000000000 -1000000000 -1000000000 -1000000000 -1000000000 -1000000000 -1000000000 -1000000000 -1000000000 -1000000000 -1000000000 -1000000000 -1000000000 -1000000000 -1000000000 -1000000000 -1000000000 -1000000000 -1000000000 -1000000000 -1000000000 -1000000000 -1000000000 -1000000000 -1000000000 -1000000000 -1000000000 -1000000000 -1000000000 -1000000000 -1000000000 -1000000000 -1000000000 -1000000000 -1000000000 -1000000000 -1000000000 -1000000000 -1000000000 -1000000000 -1000000000 -1000000000 -1000000000 -1000000000 -1000000000 -1000000000 -1000000000 -1000000000 -1000000000 -1000000000 -1000000000 -1000000000 -1000000000 -1000000000 -1000000000 -1000000000 -1000000000 -1000000000 -1000000000 -1000000000 -1000000000 -1000000000 -1000000000 -1000000000 -1000000000 -1000000000 -1000000000 -1000000000 -1000000000 -1000000000 -1000000000 -1000000000 -1000000000 -1000000000 -1000000000 -1000000000 -1000000000 -1000000000 -1000000000 -1000000000 -1000000000 -1000000000 -1000000000 -1000000000 -1000000000 -1000000000 -1000000000 -1000000000 -1000000000 -1000000000 -1000000000 -1000000000 -1000000000 -1000000000 -1000000000 -1000000000 -1000000000 -1000000000
minW  : 0 1 2 1 2 2 1 2 3 3 5 5 6 5 2 2 5 2 5 5 5 6 8 8 11 12 13 12 13 14 15 0 0 0 0 0 0 0 0 0 0 0 0 0 0 0 0 0 0 0 0 0 0 0 0 0 0 0 0 0 0 0 0 0 0 0 0 0 0 0 0 0 0 0 0 0 0 0 0 0 0 0 0 0 0 0 0 0 0 0 0 0 0 0 0 0 0 0 0 0 0 0 0 0 0 0 0 0 0 0 0 0 0 0 0 0 0 0 0 0 0 0 0 0 0 0 0 0 0 0 0 0 0 0 0 0 0 0 0 0 0 0 0 0 0 0 0 0 0 0 0 0 0 0 0 0 0 0 0 0 0 0 0 0 0 0 0 0 0 0 0 0 0 0 0 0 0 0 0 0 0
sol[]: [1:sz=1,v=3,w=1] [2:sz=1,v=7,w=2] [3:sz=2,v=10,w=3] [4:sz=2,v=14,w=4] [5:sz=3,v=17,w=5] [6:sz=4,v=20,w=6] [7:sz=4,v=24,w=7] [8:sz=4,v=23,w=8] [9:sz=5,v=26,w=9] [10:sz=4,v=27,w=10] [11:sz=5,v=30,w=11] [12:sz=5,v=28,w=12] [13:sz=5,v=33,w=13] [14:sz=6,v=35,w=14] [15:sz=6,v=40,w=15] [16:sz=6,v=40,w=16] [17:sz=7,v=47,w=17] [18:sz=6,v=43,w=18] [19:sz=7,v=45,w=19] [20:sz=7,v=50,w=20] [21:sz=7,v=48,w=21] [22:sz=7,v=44,w=22] [23:sz=7,v=49,w=23] [24:sz=6,v=44,w=24] [25:sz=6,v=45,w=25] [26:sz=6,v=47,w=26] [27:sz=7,v=52,w=27] [28:sz=7,v=54,w=28] [29:sz=7,v=53,w=29] [30:sz=7,v=56,w=30]
Max kernel support size: 5
Max kernel index: 30
Entries in solution with max support size (index 30): (1, 1) (2, 3) (3, 1) (5, 1) (15, 1) 

=== Iteration 3 ===
vPrime: -1000000000 3 7 10 14 17 21 20 20 24 23 23 27 26 24 30 28 28 29 30 31 31 33 34 33 36 34 33 35 35 37 38 39 40 39 42 40 39 41 42 42 44 44 46 45 48 -1000000000 -1000000000 -1000000000 -1000000000 -1000000000 -1000000000 -1000000000 -1000000000 -1000000000 -1000000000 -1000000000 -1000000000 -1000000000 -1000000000 -1000000000 -1000000000 -1000000000 -1000000000 -1000000000 -1000000000 -1000000000 -1000000000 -1000000000 -1000000000 -1000000000 -1000000000 -1000000000 -1000000000 -1000000000 -1000000000 -1000000000 -1000000000 -1000000000 -1000000000 -1000000000 -1000000000 -1000000000 -1000000000 -1000000000 -1000000000 -1000000000 -1000000000 -1000000000 -1000000000 -1000000000 -1000000000 -1000000000 -1000000000 -1000000000 -1000000000 -1000000000 -1000000000 -1000000000 -1000000000 -1000000000 -1000000000 -1000000000 -1000000000 -1000000000 -1000000000 -1000000000 -1000000000 -1000000000 -1000000000 -1000000000 -1000000000 -1000000000 -1000000000 -1000000000 -1000000000 -1000000000 -1000000000 -1000000000 -1000000000 -1000000000 -1000000000 -1000000000 -1000000000 -1000000000 -1000000000 -1000000000 -1000000000 -1000000000 -1000000000 -1000000000 -1000000000 -1000000000 -1000000000 -1000000000 -1000000000 -1000000000 -1000000000 -1000000000 -1000000000 -1000000000 -1000000000 -1000000000 -1000000000 -1000000000 -1000000000 -1000000000 -1000000000 -1000000000 -1000000000 -1000000000 -1000000000 -1000000000 -1000000000 -1000000000 -1000000000 -1000000000 -1000000000 -1000000000 -1000000000 -1000000000 -1000000000 -1000000000 -1000000000 -1000000000 -1000000000 -1000000000 -1000000000 -1000000000 -1000000000 -1000000000 -1000000000 -1000000000 -1000000000 -1000000000 -1000000000 -1000000000 -1000000000 -1000000000 -1000000000 -1000000000
v_w   : 0 48 112 160 224 208 208 272 256 224 320 288 256 304 304 336 336 368 384 368 416 384 352 400 400 416 448 448 480 464 512 -1000000000 -1000000000 -1000000000 -1000000000 -1000000000 -1000000000 -1000000000 -1000000000 -1000000000 -1000000000 -1000000000 -1000000000 -1000000000 -1000000000 -1000000000 -1000000000 -1000000000 -1000000000 -1000000000 -1000000000 -1000000000 -1000000000 -1000000000 -1000000000 -1000000000 -1000000000 -1000000000 -1000000000 -1000000000 -1000000000 -1000000000 -1000000000 -1000000000 -1000000000 -1000000000 -1000000000 -1000000000 -1000000000 -1000000000 -1000000000 -1000000000 -1000000000 -1000000000 -1000000000 -1000000000 -1000000000 -1000000000 -1000000000 -1000000000 -1000000000 -1000000000 -1000000000 -1000000000 -1000000000 -1000000000 -1000000000 -1000000000 -1000000000 -1000000000 -1000000000 -1000000000 -1000000000 -1000000000 -1000000000 -1000000000 -1000000000 -1000000000 -1000000000 -1000000000 -1000000000 -1000000000 -1000000000 -1000000000 -1000000000 -1000000000 -1000000000 -1000000000 -1000000000 -1000000000 -1000000000 -1000000000 -1000000000 -1000000000 -1000000000 -1000000000 -1000000000 -1000000000 -1000000000 -1000000000 -1000000000 -1000000000 -1000000000 -1000000000 -1000000000 -1000000000 -1000000000 -1000000000 -1000000000 -1000000000 -1000000000 -1000000000 -1000000000 -1000000000 -1000000000 -1000000000 -1000000000 -1000000000 -1000000000 -1000000000 -1000000000 -1000000000 -1000000000 -1000000000 -1000000000 -1000000000 -1000000000 -1000000000 -1000000000 -1000000000 -1000000000 -1000000000 -1000000000 -1000000000 -1000000000 -1000000000 -1000000000 -1000000000 -1000000000 -1000000000 -1000000000 -1000000000 -1000000000 -1000000000 -1000000000 -1000000000 -1000000000 -1000000000 -1000000000 -1000000000 -1000000000 -1000000000 -1000000000 -1000000000 -1000000000 -1000000000 -1000000000 -1000000000 -1000000000 -1000000000 -1000000000
minW  : 0 1 2 1 2 1 2 2 1 2 2 1 2 3 3 5 5 2 5 2 2 5 2 5 5 5 5 2 2 2 2 5 2 5 5 5 6 11 8 13 12 13 12 13 14 15 0 0 0 0 0 0 0 0 0 0 0 0 0 0 0 0 0 0 0 0 0 0 0 0 0 0 0 0 0 0 0 0 0 0 0 0 0 0 0 0 0 0 0 0 0 0 0 0 0 0 0 0 0 0 0 0 0 0 0 0 0 0 0 0 0 0 0 0 0 0 0 0 0 0 0 0 0 0 0 0 0 0 0 0 0 0 0 0 0 0 0 0 0 0 0 0 0 0 0 0 0 0 0 0 0 0 0 0 0 0 0 0 0 0 0 0 0 0 0 0 0 0 0 0 0 0 0 0 0 0 0 0 0 0 0
sol[]: [1:sz=1,v=3,w=1] [2:sz=1,v=7,w=2] [3:sz=2,v=10,w=3] [4:sz=2,v=14,w=4] [5:sz=3,v=17,w=5] [6:sz=3,v=21,w=6] [7:sz=4,v=24,w=7] [8:sz=5,v=27,w=8] [9:sz=5,v=31,w=9] [10:sz=6,v=34,w=10] [11:sz=7,v=37,w=11] [12:sz=7,v=41,w=12] [13:sz=7,v=40,w=13] [14:sz=8,v=43,w=14] [15:sz=7,v=44,w=15] [16:sz=8,v=47,w=16] [17:sz=8,v=51,w=17] [18:sz=8,v=50,w=18] [19:sz=9,v=58,w=19] [20:sz=9,v=57,w=20] [21:sz=9,v=57,w=21] [22:sz=10,v=64,w=22] [23:sz=9,v=60,w=23] [24:sz=10,v=68,w=24] [25:sz=10,v=67,w=25] [26:sz=10,v=67,w=26] [27:sz=11,v=74,w=27] [28:sz=11,v=74,w=28] [29:sz=12,v=81,w=29] [30:sz=12,v=81,w=30] [31:sz=11,v=77,w=31] [32:sz=13,v=88,w=32] [33:sz=12,v=84,w=33] [34:sz=13,v=91,w=34] [35:sz=13,v=91,w=35] [36:sz=13,v=89,w=36] [37:sz=11,v=78,w=37] [38:sz=13,v=90,w=38] [39:sz=11,v=81,w=39] [40:sz=12,v=86,w=40] [41:sz=12,v=88,w=41] [42:sz=13,v=93,w=42] [43:sz=13,v=95,w=43] [44:sz=13,v=94,w=44] [45:sz=13,v=97,w=45]
Max kernel support size: 4
Max kernel index: 45
Entries in solution with max support size (index 45): (1, 3) (2, 6) (5, 3) (15, 1) 

=== Iteration 4 ===
vPrime: -1000000000 3 7 10 14 17 21 24 28 27 27 31 30 30 34 33 33 37 36 35 40 38 38 39 40 41 41 43 44 43 46 44 44 45 46 47 48 49 50 49 52 50 49 51 52 53 54 55 56 55 58 56 56 57 58 58 60 60 62 61 64 -1000000000 -1000000000 -1000000000 -1000000000 -1000000000 -1000000000 -1000000000 -1000000000 -1000000000 -1000000000 -1000000000 -1000000000 -1000000000 -1000000000 -1000000000 -1000000000 -1000000000 -1000000000 -1000000000 -1000000000 -1000000000 -1000000000 -1000000000 -1000000000 -1000000000 -1000000000 -1000000000 -1000000000 -1000000000 -1000000000 -1000000000 -1000000000 -1000000000 -1000000000 -1000000000 -1000000000 -1000000000 -1000000000 -1000000000 -1000000000 -1000000000 -1000000000 -1000000000 -1000000000 -1000000000 -1000000000 -1000000000 -1000000000 -1000000000 -1000000000 -1000000000 -1000000000 -1000000000 -1000000000 -1000000000 -1000000000 -1000000000 -1000000000 -1000000000 -1000000000 -1000000000 -1000000000 -1000000000 -1000000000 -1000000000 -1000000000 -1000000000 -1000000000 -1000000000 -1000000000 -1000000000 -1000000000 -1000000000 -1000000000 -1000000000 -1000000000 -1000000000 -1000000000 -1000000000 -1000000000 -1000000000 -1000000000 -1000000000 -1000000000 -1000000000 -1000000000 -1000000000 -1000000000 -1000000000 -1000000000 -1000000000 -1000000000 -1000000000 -1000000000 -1000000000 -1000000000 -1000000000 -1000000000 -1000000000 -1000000000 -1000000000 -1000000000 -1000000000 -1000000000 -1000000000 -1000000000 -1000000000 -1000000000 -1000000000 -1000000000 -1000000000 -1000000000 -1000000000 -1000000000 -1000000000 -1000000000 -1000000000 -1000000000 -1000000000 -1000000000
v_w   : 0 48 112 160 224 272 336 320 320 384 368 368 432 416 384 480 448 448 464 480 496 496 528 544 528 576 544 528 560 560 592 608 624 640 624 672 640 624 656 672 672 704 704 736 720 768 -1000000000 -1000000000 -1000000000 -1000000000 -1000000000 -1000000000 -1000000000 -1000000000 -1000000000 -1000000000 -1000000000 -1000000000 -1000000000 -1000000000 -1000000000 -1000000000 -1000000000 -1000000000 -1000000000 -1000000000 -1000000000 -1000000000 -1000000000 -1000000000 -1000000000 -1000000000 -1000000000 -1000000000 -1000000000 -1000000000 -1000000000 -1000000000 -1000000000 -1000000000 -1000000000 -1000000000 -1000000000 -1000000000 -1000000000 -1000000000 -1000000000 -1000000000 -1000000000 -1000000000 -1000000000 -1000000000 -1000000000 -1000000000 -1000000000 -1000000000 -1000000000 -1000000000 -1000000000 -1000000000 -1000000000 -1000000000 -1000000000 -1000000000 -1000000000 -1000000000 -1000000000 -1000000000 -1000000000 -1000000000 -1000000000 -1000000000 -1000000000 -1000000000 -1000000000 -1000000000 -1000000000 -1000000000 -1000000000 -1000000000 -1000000000 -1000000000 -1000000000 -1000000000 -1000000000 -1000000000 -1000000000 -1000000000 -1000000000 -1000000000 -1000000000 -1000000000 -1000000000 -1000000000 -1000000000 -1000000000 -1000000000 -1000000000 -1000000000 -1000000000 -1000000000 -1000000000 -1000000000 -1000000000 -1000000000 -1000000000 -1000000000 -1000000000 -1000000000 -1000000000 -1000000000 -1000000000 -1000000000 -1000000000 -1000000000 -1000000000 -1000000000 -1000000000 -1000000000 -1000000000 -1000000000 -1000000000 -1000000000 -1000000000 -1000000000 -1000000000 -1000000000 -1000000000 -1000000000 -1000000000 -1000000000 -1000000000 -1000000000 -1000000000 -1000000000 -1000000000 -1000000000 -1000000000 -1000000000 -1000000000 -1000000000
minW  : 0 1 2 1 2 1 2 1 2 2 1 2 2 1 2 2 1 2 3 2 5 5 2 5 2 2 5 2 5 5 5 5 2 2 2 2 5 2 5 5 5 5 2 2 5 2 5 2 5 5 5 6 13 8 13 12 13 12 13 14 15 0 0 0 0 0 0 0 0 0 0 0 0 0 0 0 0 0 0 0 0 0 0 0 0 0 0 0 0 0 0 0 0 0 0 0 0 0 0 0 0 0 0 0 0 0 0 0 0 0 0 0 0 0 0 0 0 0 0 0 0 0 0 0 0 0 0 0 0 0 0 0 0 0 0 0 0 0 0 0 0 0 0 0 0 0 0 0 0 0 0 0 0 0 0 0 0 0 0 0 0 0 0 0 0 0 0 0 0 0 0 0 0 0 0 0 0 0 0 0 0
sol[]: [1:sz=1,v=3,w=1] [2:sz=1,v=7,w=2] [3:sz=2,v=10,w=3] [4:sz=2,v=14,w=4] [5:sz=3,v=17,w=5] [6:sz=3,v=21,w=6] [7:sz=4,v=24,w=7] [8:sz=4,v=28,w=8] [9:sz=5,v=31,w=9] [10:sz=6,v=34,w=10] [11:sz=6,v=38,w=11] [12:sz=7,v=41,w=12] [13:sz=8,v=44,w=13] [14:sz=8,v=48,w=14] [15:sz=9,v=51,w=15] [16:sz=10,v=54,w=16] [17:sz=10,v=58,w=17] [18:sz=10,v=57,w=18] [19:sz=11,v=65,w=19] [20:sz=10,v=61,w=20] [21:sz=11,v=64,w=21] [22:sz=11,v=68,w=22] [23:sz=11,v=67,w=23] [24:sz=12,v=75,w=24] [25:sz=12,v=74,w=25] [26:sz=12,v=74,w=26] [27:sz=13,v=81,w=27] [28:sz=12,v=77,w=28] [29:sz=13,v=85,w=29] [30:sz=13,v=84,w=30] [31:sz=13,v=84,w=31] [32:sz=14,v=91,w=32] [33:sz=14,v=91,w=33] [34:sz=15,v=98,w=34] [35:sz=15,v=98,w=35] [36:sz=14,v=94,w=36] [37:sz=16,v=105,w=37] [38:sz=15,v=101,w=38] [39:sz=16,v=108,w=39] [40:sz=16,v=108,w=40] [41:sz=15,v=104,w=41] [42:sz=17,v=115,w=42] [43:sz=16,v=111,w=43] [44:sz=17,v=118,w=44] [45:sz=17,v=118,w=45] [46:sz=16,v=114,w=46] [47:sz=18,v=125,w=47] [48:sz=17,v=121,w=48] [49:sz=18,v=128,w=49] [50:sz=18,v=128,w=50] [51:sz=18,v=126,w=51] [52:sz=17,v=122,w=52] [53:sz=18,v=127,w=53] [54:sz=16,v=118,w=54] [55:sz=17,v=123,w=55] [56:sz=17,v=125,w=56] [57:sz=18,v=130,w=57] [58:sz=18,v=132,w=58] [59:sz=18,v=131,w=59] [60:sz=18,v=134,w=60]
Max kernel support size: 5
Max kernel index: 52
Entries in solution with max support size (index 52): (1, 3) (2, 9) (3, 1) (5, 3) (13, 1) 

=== Iteration 5 ===
vPrime: -1000000000 3 7 10 14 17 21 24 28 31 35 34 34 38 37 37 41 40 40 44 43 43 47 46 45 50 48 48 49 50 51 51 53 54 53 56 54 54 55 56 57 58 59 60 59 62 60 60 61 62 63 64 65 66 65 68 66 66 67 68 69 70 71 72 71 74 72 72 73 74 74 76 76 78 77 80 -1000000000 -1000000000 -1000000000 -1000000000 -1000000000 -1000000000 -1000000000 -1000000000 -1000000000 -1000000000 -1000000000 -1000000000 -1000000000 -1000000000 -1000000000 -1000000000 -1000000000 -1000000000 -1000000000 -1000000000 -1000000000 -1000000000 -1000000000 -1000000000 -1000000000 -1000000000 -1000000000 -1000000000 -1000000000 -1000000000 -1000000000 -1000000000 -1000000000 -1000000000 -1000000000 -1000000000 -1000000000 -1000000000 -1000000000 -1000000000 -1000000000 -1000000000 -1000000000 -1000000000 -1000000000 -1000000000 -1000000000 -1000000000 -1000000000 -1000000000 -1000000000 -1000000000 -1000000000 -1000000000 -1000000000 -1000000000 -1000000000 -1000000000 -1000000000 -1000000000 -1000000000 -1000000000 -1000000000 -1000000000 -1000000000 -1000000000 -1000000000 -1000000000 -1000000000 -1000000000 -1000000000 -1000000000 -1000000000 -1000000000 -1000000000 -1000000000 -1000000000 -1000000000 -1000000000 -1000000000 -1000000000 -1000000000 -1000000000 -1000000000 -1000000000 -1000000000 -1000000000 -1000000000 -1000000000 -1000000000 -1000000000 -1000000000 -1000000000 -1000000000 -1000000000 -1000000000 -1000000000 -1000000000 -1000000000 -1000000000 -1000000000 -1000000000 -1000000000 -1000000000 -1000000000
v_w   : 0 48 112 160 224 272 336 384 448 432 432 496 480 480 544 528 528 592 576 560 640 608 608 624 640 656 656 688 704 688 736 704 704 720 736 752 768 784 800 784 832 800 784 816 832 848 864 880 896 880 928 896 896 912 928 928 960 960 992 976 1024 -1000000000 -1000000000 -1000000000 -1000000000 -1000000000 -1000000000 -1000000000 -1000000000 -1000000000 -1000000000 -1000000000 -1000000000 -1000000000 -1000000000 -1000000000 -1000000000 -1000000000 -1000000000 -1000000000 -1000000000 -1000000000 -1000000000 -1000000000 -1000000000 -1000000000 -1000000000 -1000000000 -1000000000 -1000000000 -1000000000 -1000000000 -1000000000 -1000000000 -1000000000 -1000000000 -1000000000 -1000000000 -1000000000 -1000000000 -1000000000 -1000000000 -1000000000 -1000000000 -1000000000 -1000000000 -1000000000 -1000000000 -1000000000 -1000000000 -1000000000 -1000000000 -1000000000 -1000000000 -1000000000 -1000000000 -1000000000 -1000000000 -1000000000 -1000000000 -1000000000 -1000000000 -1000000000 -1000000000 -1000000000 -1000000000 -1000000000 -1000000000 -1000000000 -1000000000 -1000000000 -1000000000 -1000000000 -1000000000 -1000000000 -1000000000 -1000000000 -1000000000 -1000000000 -1000000000 -1000000000 -1000000000 -1000000000 -1000000000 -1000000000 -1000000000 -1000000000 -1000000000 -1000000000 -1000000000 -1000000000 -1000000000 -1000000000 -1000000000 -1000000000 -1000000000 -1000000000 -1000000000 -1000000000 -1000000000 -1000000000 -1000000000 -1000000000 -1000000000 -1000000000 -1000000000 -1000000000 -1000000000 -1000000000 -1000000000 -1000000000 -1000000000 -1000000000 -1000000000 -1000000000 -1000000000 -1000000000 -1000000000 -1000000000 -1000000000 -1000000000
minW  : 0 1 2 1 2 1 2 1 2 1 2 2 1 2 2 1 2 2 1 2 2 1 2 3 2 5 5 2 5 2 2 5 2 5 5 5 5 2 2 2 2 5 2 5 5 5 5 2 2 2 2 5 2 5 5 5 5 5 2 5 2 5 2 5 5 5 6 13 8 13 12 13 12 13 14 15 0 0 0 0 0 0 0 0 0 0 0 0 0 0 0 0 0 0 0 0 0 0 0 0 0 0 0 0 0 0 0 0 0 0 0 0 0 0 0 0 0 0 0 0 0 0 0 0 0 0 0 0 0 0 0 0 0 0 0 0 0 0 0 0 0 0 0 0 0 0 0 0 0 0 0 0 0 0 0 0 0 0 0 0 0 0 0 0 0 0 0 0 0 0 0 0 0 0 0 0 0 0 0 0 0
sol[]: [1:sz=1,v=3,w=1] [2:sz=1,v=7,w=2] [3:sz=2,v=10,w=3] [4:sz=2,v=14,w=4] [5:sz=3,v=17,w=5] [6:sz=3,v=21,w=6] [7:sz=4,v=24,w=7] [8:sz=4,v=28,w=8] [9:sz=5,v=31,w=9] [10:sz=5,v=35,w=10] [11:sz=6,v=38,w=11] [12:sz=7,v=41,w=12] [13:sz=7,v=45,w=13] [14:sz=8,v=48,w=14] [15:sz=9,v=51,w=15] [16:sz=9,v=55,w=16] [17:sz=10,v=58,w=17] [18:sz=11,v=61,w=18] [19:sz=11,v=65,w=19] [20:sz=12,v=68,w=20] [21:sz=13,v=71,w=21] [22:sz=13,v=75,w=22] [23:sz=13,v=74,w=23] [24:sz=14,v=82,w=24] [25:sz=13,v=78,w=25] [26:sz=14,v=81,w=26] [27:sz=14,v=85,w=27] [28:sz=14,v=84,w=28] [29:sz=15,v=92,w=29] [30:sz=15,v=91,w=30] [31:sz=15,v=91,w=31] [32:sz=16,v=98,w=32] [33:sz=15,v=94,w=33] [34:sz=16,v=102,w=34] [35:sz=16,v=101,w=35] [36:sz=16,v=101,w=36] [37:sz=17,v=108,w=37] [38:sz=17,v=108,w=38] [39:sz=18,v=115,w=39] [40:sz=18,v=115,w=40] [41:sz=17,v=111,w=41] [42:sz=19,v=122,w=42] [43:sz=18,v=118,w=43] [44:sz=19,v=125,w=44] [45:sz=19,v=125,w=45] [46:sz=18,v=121,w=46] [47:sz=20,v=132,w=47] [48:sz=19,v=128,w=48] [49:sz=21,v=139,w=49] [50:sz=20,v=135,w=50] [51:sz=19,v=131,w=51] [52:sz=21,v=142,w=52] [53:sz=20,v=138,w=53] [54:sz=22,v=149,w=54] [55:sz=21,v=145,w=55] [56:sz=20,v=141,w=56] [57:sz=22,v=152,w=57] [58:sz=21,v=148,w=58] [59:sz=23,v=159,w=59] [60:sz=22,v=155,w=60] [61:sz=21,v=151,w=61] [62:sz=23,v=162,w=62] [63:sz=22,v=158,w=63] [64:sz=24,v=169,w=64] [65:sz=23,v=165,w=65] [66:sz=23,v=163,w=66] [67:sz=23,v=163,w=67] [68:sz=23,v=164,w=68] [69:sz=21,v=155,w=69] [70:sz=22,v=160,w=70] [71:sz=22,v=162,w=71] [72:sz=23,v=167,w=72] [73:sz=23,v=169,w=73] [74:sz=23,v=168,w=74] [75:sz=23,v=171,w=75]
Max kernel support size: 4
Max kernel index: 75
Entries in solution with max support size (index 75): (1, 5) (2, 10) (5, 7) (15, 1) 

=== Iteration 6 ===
vPrime: -1000000000 3 7 10 14 17 21 24 28 31 35 38 42 41 41 45 44 44 48 47 47 51 50 50 54 53 53 57 56 55 60 58 58 59 60 61 61 63 64 63 66 64 64 65 66 67 68 69 70 69 72 70 70 71 72 73 74 75 76 75 78 76 76 77 78 79 80 81 82 81 84 82 82 83 84 85 86 87 88 87 90 88 88 89 90 90 92 92 94 93 96 -1000000000 -1000000000 -1000000000 -1000000000 -1000000000 -1000000000 -1000000000 -1000000000 -1000000000 -1000000000 -1000000000 -1000000000 -1000000000 -1000000000 -1000000000 -1000000000 -1000000000 -1000000000 -1000000000 -1000000000 -1000000000 -1000000000 -1000000000 -1000000000 -1000000000 -1000000000 -1000000000 -1000000000 -1000000000 -1000000000 -1000000000 -1000000000 -1000000000 -1000000000 -1000000000 -1000000000 -1000000000 -1000000000 -1000000000 -1000000000 -1000000000 -1000000000 -1000000000 -1000000000 -1000000000 -1000000000 -1000000000 -1000000000 -1000000000 -1000000000 -1000000000 -1000000000 -1000000000 -1000000000 -1000000000 -1000000000 -1000000000 -1000000000 -1000000000 -1000000000 -1000000000 -1000000000 -1000000000 -1000000000 -1000000000 -1000000000 -1000000000 -1000000000 -1000000000 -1000000000 -1000000000 -1000000000 -1000000000 -1000000000 -1000000000 -1000000000 -1000000000 -1000000000 -1000000000 -1000000000 -1000000000 -1000000000 -1000000000 -1000000000 -1000000000 -1000000000 -1000000000 -1000000000 -1000000000 -1000000000
v_w   : 0 48 112 160 224 272 336 384 448 496 560 544 544 608 592 592 656 640 640 704 688 688 752 736 720 800 768 768 784 800 816 816 848 864 848 896 864 864 880 896 912 928 944 960 944 992 960 960 976 992 1008 1024 1040 1056 1040 1088 1056 1056 1072 1088 1104 1120 1136 1152 1136 1184 1152 1152 1168 1184 1184 1216 1216 1248 1232 1280 -1000000000 -1000000000 -1000000000 -1000000000 -1000000000 -1000000000 -1000000000 -1000000000 -1000000000 -1000000000 -1000000000 -1000000000 -1000000000 -1000000000 -1000000000 -1000000000 -1000000000 -1000000000 -1000000000 -1000000000 -1000000000 -1000000000 -1000000000 -1000000000 -1000000000 -1000000000 -1000000000 -1000000000 -1000000000 -1000000000 -1000000000 -1000000000 -1000000000 -1000000000 -1000000000 -1000000000 -1000000000 -1000000000 -1000000000 -1000000000 -1000000000 -1000000000 -1000000000 -1000000000 -1000000000 -1000000000 -1000000000 -1000000000 -1000000000 -1000000000 -1000000000 -1000000000 -1000000000 -1000000000 -1000000000 -1000000000 -1000000000 -1000000000 -1000000000 -1000000000 -1000000000 -1000000000 -1000000000 -1000000000 -1000000000 -1000000000 -1000000000 -1000000000 -1000000000 -1000000000 -1000000000 -1000000000 -1000000000 -1000000000 -1000000000 -1000000000 -1000000000 -1000000000 -1000000000 -1000000000 -1000000000 -1000000000 -1000000000 -1000000000 -1000000000 -1000000000 -1000000000 -1000000000 -1000000000 -1000000000 -1000000000 -1000000000 -1000000000 -1000000000 -1000000000 -1000000000 -1000000000 -1000000000 -1000000000 -1000000000 -1000000000 -1000000000 -1000000000 -1000000000 -1000000000
minW  : 0 1 2 1 2 1 2 1 2 1 2 1 2 2 1 2 2 1 2 2 1 2 2 1 2 2 1 2 3 2 5 5 2 5 2 2 5 2 5 5 5 5 2 2 2 2 5 2 5 5 5 5 2 2 2 2 5 2 5 5 5 5 2 2 2 2 5 2 5 5 5 5 5 2 5 2 5 2 5 5 5 6 13 8 13 12 13 12 13 14 15 0 0 0 0 0 0 0 0 0 0 0 0 0 0 0 0 0 0 0 0 0 0 0 0 0 0 0 0 0 0 0 0 0 0 0 0 0 0 0 0 0 0 0 0 0 0 0 0 0 0 0 0 0 0 0 0 0 0 0 0 0 0 0 0 0 0 0 0 0 0 0 0 0 0 0 0 0 0 0 0 0 0 0 0 0 0 0 0 0 0
sol[]: [1:sz=1,v=3,w=1] [2:sz=1,v=7,w=2] [3:sz=2,v=10,w=3] [4:sz=2,v=14,w=4] [5:sz=3,v=17,w=5] [6:sz=3,v=21,w=6] [7:sz=4,v=24,w=7] [8:sz=4,v=28,w=8] [9:sz=5,v=31,w=9] [10:sz=5,v=35,w=10] [11:sz=6,v=38,w=11] [12:sz=6,v=42,w=12] [13:sz=7,v=45,w=13] [14:sz=8,v=48,w=14] [15:sz=8,v=52,w=15] [16:sz=9,v=55,w=16] [17:sz=10,v=58,w=17] [18:sz=10,v=62,w=18] [19:sz=11,v=65,w=19] [20:sz=12,v=68,w=20] [21:sz=12,v=72,w=21] [22:sz=13,v=75,w=22] [23:sz=14,v=78,w=23] [24:sz=14,v=82,w=24] [25:sz=15,v=85,w=25] [26:sz=16,v=88,w=26] [27:sz=16,v=92,w=27] [28:sz=16,v=91,w=28] [29:sz=17,v=99,w=29] [30:sz=16,v=95,w=30] [31:sz=17,v=98,w=31] [32:sz=17,v=102,w=32] [33:sz=17,v=101,w=33] [34:sz=18,v=109,w=34] [35:sz=18,v=108,w=35] [36:sz=18,v=108,w=36] [37:sz=19,v=115,w=37] [38:sz=18,v=111,w=38] [39:sz=19,v=119,w=39] [40:sz=19,v=118,w=40] [41:sz=19,v=118,w=41] [42:sz=20,v=125,w=42] [43:sz=20,v=125,w=43] [44:sz=21,v=132,w=44] [45:sz=21,v=132,w=45] [46:sz=20,v=128,w=46] [47:sz=22,v=139,w=47] [48:sz=21,v=135,w=48] [49:sz=22,v=142,w=49] [50:sz=22,v=142,w=50] [51:sz=21,v=138,w=51] [52:sz=23,v=149,w=52] [53:sz=22,v=145,w=53] [54:sz=24,v=156,w=54] [55:sz=23,v=152,w=55] [56:sz=22,v=148,w=56] [57:sz=24,v=159,w=57] [58:sz=23,v=155,w=58] [59:sz=25,v=166,w=59] [60:sz=24,v=162,w=60] [61:sz=23,v=158,w=61] [62:sz=25,v=169,w=62] [63:sz=24,v=165,w=63] [64:sz=26,v=176,w=64] [65:sz=25,v=172,w=65] [66:sz=24,v=168,w=66] [67:sz=26,v=179,w=67] [68:sz=25,v=175,w=68] [69:sz=27,v=186,w=69] [70:sz=26,v=182,w=70] [71:sz=25,v=178,w=71] [72:sz=27,v=189,w=72] [73:sz=26,v=185,w=73] [74:sz=28,v=196,w=74] [75:sz=27,v=192,w=75] [76:sz=26,v=188,w=76] [77:sz=28,v=199,w=77] [78:sz=27,v=195,w=78] [79:sz=29,v=206,w=79] [80:sz=28,v=202,w=80] [81:sz=28,v=200,w=81] [82:sz=28,v=200,w=82] [83:sz=28,v=201,w=83] [84:sz=26,v=192,w=84] [85:sz=27,v=197,w=85] [86:sz=27,v=199,w=86] [87:sz=28,v=204,w=87] [88:sz=28,v=206,w=88] [89:sz=28,v=205,w=89] [90:sz=28,v=208,w=90]
Max kernel support size: 4
Max kernel index: 90
Entries in solution with max support size (index 90): (1, 6) (2, 12) (5, 9) (15, 1) 

=== Iteration 7 ===
vPrime: -1000000000 3 7 10 14 17 21 24 28 31 35 38 42 45 49 48 48 52 51 51 55 54 54 58 57 57 61 60 60 64 63 63 67 66 65 70 68 68 69 70 71 71 73 74 73 76 74 74 75 76 77 78 79 80 79 82 80 80 81 82 83 84 85 86 85 88 86 86 87 88 89 90 91 92 91 94 92 92 93 94 95 96 97 98 97 100 98 98 99 100 101 102 103 104 103 106 104 104 105 106 106 108 108 110 109 112 -1000000000 -1000000000 -1000000000 -1000000000 -1000000000 -1000000000 -1000000000 -1000000000 -1000000000 -1000000000 -1000000000 -1000000000 -1000000000 -1000000000 -1000000000 -1000000000 -1000000000 -1000000000 -1000000000 -1000000000 -1000000000 -1000000000 -1000000000 -1000000000 -1000000000 -1000000000 -1000000000 -1000000000 -1000000000 -1000000000 -1000000000 -1000000000 -1000000000 -1000000000 -1000000000 -1000000000 -1000000000 -1000000000 -1000000000 -1000000000 -1000000000 -1000000000 -1000000000 -1000000000 -1000000000 -1000000000 -1000000000 -1000000000 -1000000000 -1000000000 -1000000000 -1000000000 -1000000000 -1000000000 -1000000000 -1000000000 -1000000000 -1000000000 -1000000000 -1000000000 -1000000000 -1000000000 -1000000000 -1000000000 -1000000000 -1000000000 -1000000000 -1000000000 -1000000000 -1000000000 -1000000000 -1000000000 -1000000000 -1000000000 -1000000000
v_w   : 0 48 112 160 224 272 336 384 448 496 560 608 672 656 656 720 704 704 768 752 752 816 800 800 864 848 848 912 896 880 960 928 928 944 960 976 976 1008 1024 1008 1056 1024 1024 1040 1056 1072 1088 1104 1120 1104 1152 1120 1120 1136 1152 1168 1184 1200 1216 1200 1248 1216 1216 1232 1248 1264 1280 1296 1312 1296 1344 1312 1312 1328 1344 1360 1376 1392 1408 1392 1440 1408 1408 1424 1440 1440 1472 1472 1504 1488 1536 -1000000000 -1000000000 -1000000000 -1000000000 -1000000000 -1000000000 -1000000000 -1000000000 -1000000000 -1000000000 -1000000000 -1000000000 -1000000000 -1000000000 -1000000000 -1000000000 -1000000000 -1000000000 -1000000000 -1000000000 -1000000000 -1000000000 -1000000000 -1000000000 -1000000000 -1000000000 -1000000000 -1000000000 -1000000000 -1000000000 -1000000000 -1000000000 -1000000000 -1000000000 -1000000000 -1000000000 -1000000000 -1000000000 -1000000000 -1000000000 -1000000000 -1000000000 -1000000000 -1000000000 -1000000000 -1000000000 -1000000000 -1000000000 -1000000000 -1000000000 -1000000000 -1000000000 -1000000000 -1000000000 -1000000000 -1000000000 -1000000000 -1000000000 -1000000000 -1000000000 -1000000000 -1000000000 -1000000000 -1000000000 -1000000000 -1000000000 -1000000000 -1000000000 -1000000000 -1000000000 -1000000000 -1000000000 -1000000000 -1000000000 -1000000000 -1000000000 -1000000000 -1000000000 -1000000000 -1000000000 -1000000000 -1000000000 -1000000000 -1000000000 -1000000000 -1000000000 -1000000000 -1000000000 -1000000000 -1000000000
minW  : 0 1 2 1 2 1 2 1 2 1 2 1 2 1 2 2 1 2 2 1 2 2 1 2 2 1 2 2 1 2 2 1 2 3 2 5 5 2 5 2 2 5 2 5 5 5 5 2 2 2 2 5 2 5 5 5 5 2 2 2 2 5 2 5 5 5 5 2 2 2 2 5 2 5 5 5 5 2 2 2 2 5 2 5 5 5 5 5 2 5 2 5 2 5 5 5 6 13 8 13 12 13 12 13 14 15 0 0 0 0 0 0 0 0 0 0 0 0 0 0 0 0 0 0 0 0 0 0 0 0 0 0 0 0 0 0 0 0 0 0 0 0 0 0 0 0 0 0 0 0 0 0 0 0 0 0 0 0 0 0 0 0 0 0 0 0 0 0 0 0 0 0 0 0 0 0 0 0 0 0 0
sol[]: [1:sz=1,v=3,w=1] [2:sz=1,v=7,w=2] [3:sz=2,v=10,w=3] [4:sz=2,v=14,w=4] [5:sz=3,v=17,w=5] [6:sz=3,v=21,w=6] [7:sz=4,v=24,w=7] [8:sz=4,v=28,w=8] [9:sz=5,v=31,w=9] [10:sz=5,v=35,w=10] [11:sz=6,v=38,w=11] [12:sz=6,v=42,w=12] [13:sz=7,v=45,w=13] [14:sz=7,v=49,w=14] [15:sz=8,v=52,w=15] [16:sz=9,v=55,w=16] [17:sz=9,v=59,w=17] [18:sz=10,v=62,w=18] [19:sz=11,v=65,w=19] [20:sz=11,v=69,w=20] [21:sz=12,v=72,w=21] [22:sz=13,v=75,w=22] [23:sz=13,v=79,w=23] [24:sz=14,v=82,w=24] [25:sz=15,v=85,w=25] [26:sz=15,v=89,w=26] [27:sz=16,v=92,w=27] [28:sz=17,v=95,w=28] [29:sz=17,v=99,w=29] [30:sz=18,v=102,w=30] [31:sz=19,v=105,w=31] [32:sz=19,v=109,w=32] [33:sz=19,v=108,w=33] [34:sz=20,v=116,w=34] [35:sz=19,v=112,w=35] [36:sz=20,v=115,w=36] [37:sz=20,v=119,w=37] [38:sz=20,v=118,w=38] [39:sz=21,v=126,w=39] [40:sz=21,v=125,w=40] [41:sz=21,v=125,w=41] [42:sz=22,v=132,w=42] [43:sz=21,v=128,w=43] [44:sz=22,v=136,w=44] [45:sz=22,v=135,w=45] [46:sz=22,v=135,w=46] [47:sz=23,v=142,w=47] [48:sz=23,v=142,w=48] [49:sz=24,v=149,w=49] [50:sz=24,v=149,w=50] [51:sz=23,v=145,w=51] [52:sz=25,v=156,w=52] [53:sz=24,v=152,w=53] [54:sz=25,v=159,w=54] [55:sz=25,v=159,w=55] [56:sz=24,v=155,w=56] [57:sz=26,v=166,w=57] [58:sz=25,v=162,w=58] [59:sz=27,v=173,w=59] [60:sz=26,v=169,w=60] [61:sz=25,v=165,w=61] [62:sz=27,v=176,w=62] [63:sz=26,v=172,w=63] [64:sz=28,v=183,w=64] [65:sz=27,v=179,w=65] [66:sz=26,v=175,w=66] [67:sz=28,v=186,w=67] [68:sz=27,v=182,w=68] [69:sz=29,v=193,w=69] [70:sz=28,v=189,w=70] [71:sz=27,v=185,w=71] [72:sz=29,v=196,w=72] [73:sz=28,v=192,w=73] [74:sz=30,v=203,w=74] [75:sz=29,v=199,w=75] [76:sz=28,v=195,w=76] [77:sz=30,v=206,w=77] [78:sz=29,v=202,w=78] [79:sz=31,v=213,w=79] [80:sz=30,v=209,w=80] [81:sz=29,v=205,w=81] [82:sz=31,v=216,w=82] [83:sz=30,v=212,w=83] [84:sz=32,v=223,w=84] [85:sz=31,v=219,w=85] [86:sz=30,v=215,w=86] [87:sz=32,v=226,w=87] [88:sz=31,v=222,w=88] [89:sz=33,v=233,w=89] [90:sz=32,v=229,w=90] [91:sz=31,v=225,w=91] [92:sz=33,v=236,w=92] [93:sz=32,v=232,w=93] [94:sz=34,v=243,w=94] [95:sz=33,v=239,w=95] [96:sz=33,v=237,w=96] [97:sz=33,v=237,w=97] [98:sz=33,v=238,w=98] [99:sz=31,v=229,w=99] [100:sz=32,v=234,w=100] [101:sz=32,v=236,w=101] [102:sz=33,v=241,w=102] [103:sz=33,v=243,w=103] [104:sz=33,v=242,w=104] [105:sz=33,v=245,w=105]
Max kernel support size: 4
Max kernel index: 105
Entries in solution with max support size (index 105): (1, 7) (2, 14) (5, 11) (15, 1) 

=== Iteration 8 ===
vPrime: -1000000000 3 7 10 14 17 21 24 28 31 35 38 42 45 49 52 56 55 55 59 58 58 62 61 61 65 64 64 68 67 67 71 70 70 74 73 73 77 76 75 80 78 78 79 80 81 81 83 84 83 86 84 84 85 86 87 88 89 90 89 92 90 90 91 92 93 94 95 96 95 98 96 96 97 98 99 100 101 102 101 104 102 102 103 104 105 106 107 108 107 110 108 108 109 110 111 112 113 114 113 116 114 114 115 116 117 118 119 120 119 122 120 120 121 122 122 124 124 126 125 128 -1000000000 -1000000000 -1000000000 -1000000000 -1000000000 -1000000000 -1000000000 -1000000000 -1000000000 -1000000000 -1000000000 -1000000000 -1000000000 -1000000000 -1000000000 -1000000000 -1000000000 -1000000000 -1000000000 -1000000000 -1000000000 -1000000000 -1000000000 -1000000000 -1000000000 -1000000000 -1000000000 -1000000000 -1000000000 -1000000000 -1000000000 -1000000000 -1000000000 -1000000000 -1000000000 -1000000000 -1000000000 -1000000000 -1000000000 -1000000000 -1000000000 -1000000000 -1000000000 -1000000000 -1000000000 -1000000000 -1000000000 -1000000000 -1000000000 -1000000000 -1000000000 -1000000000 -1000000000 -1000000000 -1000000000 -1000000000 -1000000000 -1000000000 -1000000000 -1000000000
v_w   : 0 48 112 160 224 272 336 384 448 496 560 608 672 720 784 768 768 832 816 816 880 864 864 928 912 912 976 960 960 1024 1008 1008 1072 1056 1040 1120 1088 1088 1104 1120 1136 1136 1168 1184 1168 1216 1184 1184 1200 1216 1232 1248 1264 1280 1264 1312 1280 1280 1296 1312 1328 1344 1360 1376 1360 1408 1376 1376 1392 1408 1424 1440 1456 1472 1456 1504 1472 1472 1488 1504 1520 1536 1552 1568 1552 1600 1568 1568 1584 1600 1616 1632 1648 1664 1648 1696 1664 1664 1680 1696 1696 1728 1728 1760 1744 1792 -1000000000 -1000000000 -1000000000 -1000000000 -1000000000 -1000000000 -1000000000 -1000000000 -1000000000 -1000000000 -1000000000 -1000000000 -1000000000 -1000000000 -1000000000 -1000000000 -1000000000 -1000000000 -1000000000 -1000000000 -1000000000 -1000000000 -1000000000 -1000000000 -1000000000 -1000000000 -1000000000 -1000000000 -1000000000 -1000000000 -1000000000 -1000000000 -1000000000 -1000000000 -1000000000 -1000000000 -1000000000 -1000000000 -1000000000 -1000000000 -1000000000 -1000000000 -1000000000 -1000000000 -1000000000 -1000000000 -1000000000 -1000000000 -1000000000 -1000000000 -1000000000 -1000000000 -1000000000 -1000000000 -1000000000 -1000000000 -1000000000 -1000000000 -1000000000 -1000000000 -1000000000 -1000000000 -1000000000 -1000000000 -1000000000 -1000000000 -1000000000 -1000000000 -1000000000 -1000000000 -1000000000 -1000000000 -1000000000 -1000000000 -1000000000
minW  : 0 1 2 1 2 1 2 1 2 1 2 1 2 1 2 1 2 2 1 2 2 1 2 2 1 2 2 1 2 2 1 2 2 1 2 2 1 2 3 2 5 5 2 5 2 2 5 2 5 5 5 5 2 2 2 2 5 2 5 5 5 5 2 2 2 2 5 2 5 5 5 5 2 2 2 2 5 2 5 5 5 5 2 2 2 2 5 2 5 5 5 5 2 2 2 2 5 2 5 5 5 5 5 2 5 2 5 2 5 5 5 6 13 8 13 12 13 12 13 14 15 0 0 0 0 0 0 0 0 0 0 0 0 0 0 0 0 0 0 0 0 0 0 0 0 0 0 0 0 0 0 0 0 0 0 0 0 0 0 0 0 0 0 0 0 0 0 0 0 0 0 0 0 0 0 0 0 0 0 0 0
sol[]: [1:sz=1,v=3,w=1] [2:sz=1,v=7,w=2] [3:sz=2,v=10,w=3] [4:sz=2,v=14,w=4] [5:sz=3,v=17,w=5] [6:sz=3,v=21,w=6] [7:sz=4,v=24,w=7] [8:sz=4,v=28,w=8] [9:sz=5,v=31,w=9] [10:sz=5,v=35,w=10] [11:sz=6,v=38,w=11] [12:sz=6,v=42,w=12] [13:sz=7,v=45,w=13] [14:sz=7,v=49,w=14] [15:sz=8,v=52,w=15] [16:sz=8,v=56,w=16] [17:sz=9,v=59,w=17] [18:sz=10,v=62,w=18] [19:sz=10,v=66,w=19] [20:sz=11,v=69,w=20] [21:sz=12,v=72,w=21] [22:sz=12,v=76,w=22] [23:sz=13,v=79,w=23] [24:sz=14,v=82,w=24] [25:sz=14,v=86,w=25] [26:sz=15,v=89,w=26] [27:sz=16,v=92,w=27] [28:sz=16,v=96,w=28] [29:sz=17,v=99,w=29] [30:sz=18,v=102,w=30] [31:sz=18,v=106,w=31] [32:sz=19,v=109,w=32] [33:sz=20,v=112,w=33] [34:sz=20,v=116,w=34] [35:sz=21,v=119,w=35] [36:sz=22,v=122,w=36] [37:sz=22,v=126,w=37] [38:sz=22,v=125,w=38] [39:sz=23,v=133,w=39] [40:sz=22,v=129,w=40] [41:sz=23,v=132,w=41] [42:sz=23,v=136,w=42] [43:sz=23,v=135,w=43] [44:sz=24,v=143,w=44] [45:sz=24,v=142,w=45] [46:sz=24,v=142,w=46] [47:sz=25,v=149,w=47] [48:sz=24,v=145,w=48] [49:sz=25,v=153,w=49] [50:sz=25,v=152,w=50] [51:sz=25,v=152,w=51] [52:sz=26,v=159,w=52] [53:sz=26,v=159,w=53] [54:sz=27,v=166,w=54] [55:sz=27,v=166,w=55] [56:sz=26,v=162,w=56] [57:sz=28,v=173,w=57] [58:sz=27,v=169,w=58] [59:sz=28,v=176,w=59] [60:sz=28,v=176,w=60] [61:sz=27,v=172,w=61] [62:sz=29,v=183,w=62] [63:sz=28,v=179,w=63] [64:sz=30,v=190,w=64] [65:sz=29,v=186,w=65] [66:sz=28,v=182,w=66] [67:sz=30,v=193,w=67] [68:sz=29,v=189,w=68] [69:sz=31,v=200,w=69] [70:sz=30,v=196,w=70] [71:sz=29,v=192,w=71] [72:sz=31,v=203,w=72] [73:sz=30,v=199,w=73] [74:sz=32,v=210,w=74] [75:sz=31,v=206,w=75] [76:sz=30,v=202,w=76] [77:sz=32,v=213,w=77] [78:sz=31,v=209,w=78] [79:sz=33,v=220,w=79] [80:sz=32,v=216,w=80] [81:sz=31,v=212,w=81] [82:sz=33,v=223,w=82] [83:sz=32,v=219,w=83] [84:sz=34,v=230,w=84] [85:sz=33,v=226,w=85] [86:sz=32,v=222,w=86] [87:sz=34,v=233,w=87] [88:sz=33,v=229,w=88] [89:sz=35,v=240,w=89] [90:sz=34,v=236,w=90] [91:sz=33,v=232,w=91] [92:sz=35,v=243,w=92] [93:sz=34,v=239,w=93] [94:sz=36,v=250,w=94] [95:sz=35,v=246,w=95] [96:sz=34,v=242,w=96] [97:sz=36,v=253,w=97] [98:sz=35,v=249,w=98] [99:sz=37,v=260,w=99] [100:sz=36,v=256,w=100] [101:sz=35,v=252,w=101] [102:sz=37,v=263,w=102] [103:sz=36,v=259,w=103] [104:sz=38,v=270,w=104] [105:sz=37,v=266,w=105] [106:sz=36,v=262,w=106] [107:sz=38,v=273,w=107] [108:sz=37,v=269,w=108] [109:sz=39,v=280,w=109] [110:sz=38,v=276,w=110] [111:sz=38,v=274,w=111] [112:sz=38,v=274,w=112] [113:sz=38,v=275,w=113] [114:sz=36,v=266,w=114] [115:sz=37,v=271,w=115] [116:sz=37,v=273,w=116] [117:sz=38,v=278,w=117] [118:sz=38,v=280,w=118] [119:sz=38,v=279,w=119] [120:sz=38,v=282,w=120]
Max kernel support size: 4
Max kernel index: 120
Entries in solution with max support size (index 120): (1, 8) (2, 16) (5, 13) (15, 1) 

=== Iteration 9 ===
vPrime: -1000000000 3 7 10 14 17 21 24 28 31 35 38 42 45 49 52 56 59 63 62 62 66 65 65 69 68 68 72 71 71 75 74 74 78 77 77 81 80 80 84 83 83 87 86 85 90 88 88 89 90 91 91 93 94 93 96 94 94 95 96 97 98 99 100 99 102 100 100 101 102 103 104 105 106 105 108 106 106 107 108 109 110 111 112 111 114 112 112 113 114 115 116 117 118 117 120 118 118 119 120 121 122 123 124 123 126 124 124 125 126 127 128 129 130 129 132 130 130 131 132 133 134 135 136 135 138 136 136 137 138 138 140 140 142 141 144 -1000000000 -1000000000 -1000000000 -1000000000 -1000000000 -1000000000 -1000000000 -1000000000 -1000000000 -1000000000 -1000000000 -1000000000 -1000000000 -1000000000 -1000000000 -1000000000 -1000000000 -1000000000 -1000000000 -1000000000 -1000000000 -1000000000 -1000000000 -1000000000 -1000000000 -1000000000 -1000000000 -1000000000 -1000000000 -1000000000 -1000000000 -1000000000 -1000000000 -1000000000 -1000000000 -1000000000 -1000000000 -1000000000 -1000000000 -1000000000 -1000000000 -1000000000 -1000000000 -1000000000 -1000000000
v_w   : 0 48 112 160 224 272 336 384 448 496 560 608 672 720 784 832 896 880 880 944 928 928 992 976 976 1040 1024 1024 1088 1072 1072 1136 1120 1120 1184 1168 1168 1232 1216 1200 1280 1248 1248 1264 1280 1296 1296 1328 1344 1328 1376 1344 1344 1360 1376 1392 1408 1424 1440 1424 1472 1440 1440 1456 1472 1488 1504 1520 1536 1520 1568 1536 1536 1552 1568 1584 1600 1616 1632 1616 1664 1632 1632 1648 1664 1680 1696 1712 1728 1712 1760 1728 1728 1744 1760 1776 1792 1808 1824 1808 1856 1824 1824 1840 1856 1872 1888 1904 1920 1904 1952 1920 1920 1936 1952 1952 1984 1984 2016 2000 2048 -1000000000 -1000000000 -1000000000 -1000000000 -1000000000 -1000000000 -1000000000 -1000000000 -1000000000 -1000000000 -1000000000 -1000000000 -1000000000 -1000000000 -1000000000 -1000000000 -1000000000 -1000000000 -1000000000 -1000000000 -1000000000 -1000000000 -1000000000 -1000000000 -1000000000 -1000000000 -1000000000 -1000000000 -1000000000 -1000000000 -1000000000 -1000000000 -1000000000 -1000000000 -1000000000 -1000000000 -1000000000 -1000000000 -1000000000 -1000000000 -1000000000 -1000000000 -1000000000 -1000000000 -1000000000 -1000000000 -1000000000 -1000000000 -1000000000 -1000000000 -1000000000 -1000000000 -1000000000 -1000000000 -1000000000 -1000000000 -1000000000 -1000000000 -1000000000 -1000000000
minW  : 0 1 2 1 2 1 2 1 2 1 2 1 2 1 2 1 2 1 2 2 1 2 2 1 2 2 1 2 2 1 2 2 1 2 2 1 2 2 1 2 2 1 2 3 2 5 5 2 5 2 2 5 2 5 5 5 5 2 2 2 2 5 2 5 5 5 5 2 2 2 2 5 2 5 5 5 5 2 2 2 2 5 2 5 5 5 5 2 2 2 2 5 2 5 5 5 5 2 2 2 2 5 2 5 5 5 5 2 2 2 2 5 2 5 5 5 5 5 2 5 2 5 2 5 5 5 6 13 8 13 12 13 12 13 14 15 0 0 0 0 0 0 0 0 0 0 0 0 0 0 0 0 0 0 0 0 0 0 0 0 0 0 0 0 0 0 0 0 0 0 0 0 0 0 0 0 0 0 0 0 0
sol[]: [1:sz=1,v=3,w=1] [2:sz=1,v=7,w=2] [3:sz=2,v=10,w=3] [4:sz=2,v=14,w=4] [5:sz=3,v=17,w=5] [6:sz=3,v=21,w=6] [7:sz=4,v=24,w=7] [8:sz=4,v=28,w=8] [9:sz=5,v=31,w=9] [10:sz=5,v=35,w=10] [11:sz=6,v=38,w=11] [12:sz=6,v=42,w=12] [13:sz=7,v=45,w=13] [14:sz=7,v=49,w=14] [15:sz=8,v=52,w=15] [16:sz=8,v=56,w=16] [17:sz=9,v=59,w=17] [18:sz=9,v=63,w=18] [19:sz=10,v=66,w=19] [20:sz=11,v=69,w=20] [21:sz=11,v=73,w=21] [22:sz=12,v=76,w=22] [23:sz=13,v=79,w=23] [24:sz=13,v=83,w=24] [25:sz=14,v=86,w=25] [26:sz=15,v=89,w=26] [27:sz=15,v=93,w=27] [28:sz=16,v=96,w=28] [29:sz=17,v=99,w=29] [30:sz=17,v=103,w=30] [31:sz=18,v=106,w=31] [32:sz=19,v=109,w=32] [33:sz=19,v=113,w=33] [34:sz=20,v=116,w=34] [35:sz=21,v=119,w=35] [36:sz=21,v=123,w=36] [37:sz=22,v=126,w=37] [38:sz=23,v=129,w=38] [39:sz=23,v=133,w=39] [40:sz=24,v=136,w=40] [41:sz=25,v=139,w=41] [42:sz=25,v=143,w=42] [43:sz=25,v=142,w=43] [44:sz=26,v=150,w=44] [45:sz=25,v=146,w=45] [46:sz=26,v=149,w=46] [47:sz=26,v=153,w=47] [48:sz=26,v=152,w=48] [49:sz=27,v=160,w=49] [50:sz=27,v=159,w=50] [51:sz=27,v=159,w=51] [52:sz=28,v=166,w=52] [53:sz=27,v=162,w=53] [54:sz=28,v=170,w=54] [55:sz=28,v=169,w=55] [56:sz=28,v=169,w=56] [57:sz=29,v=176,w=57] [58:sz=29,v=176,w=58] [59:sz=30,v=183,w=59] [60:sz=30,v=183,w=60] [61:sz=29,v=179,w=61] [62:sz=31,v=190,w=62] [63:sz=30,v=186,w=63] [64:sz=31,v=193,w=64] [65:sz=31,v=193,w=65] [66:sz=30,v=189,w=66] [67:sz=32,v=200,w=67] [68:sz=31,v=196,w=68] [69:sz=33,v=207,w=69] [70:sz=32,v=203,w=70] [71:sz=31,v=199,w=71] [72:sz=33,v=210,w=72] [73:sz=32,v=206,w=73] [74:sz=34,v=217,w=74] [75:sz=33,v=213,w=75] [76:sz=32,v=209,w=76] [77:sz=34,v=220,w=77] [78:sz=33,v=216,w=78] [79:sz=35,v=227,w=79] [80:sz=34,v=223,w=80] [81:sz=33,v=219,w=81] [82:sz=35,v=230,w=82] [83:sz=34,v=226,w=83] [84:sz=36,v=237,w=84] [85:sz=35,v=233,w=85] [86:sz=34,v=229,w=86] [87:sz=36,v=240,w=87] [88:sz=35,v=236,w=88] [89:sz=37,v=247,w=89] [90:sz=36,v=243,w=90] [91:sz=35,v=239,w=91] [92:sz=37,v=250,w=92] [93:sz=36,v=246,w=93] [94:sz=38,v=257,w=94] [95:sz=37,v=253,w=95] [96:sz=36,v=249,w=96] [97:sz=38,v=260,w=97] [98:sz=37,v=256,w=98] [99:sz=39,v=267,w=99] [100:sz=38,v=263,w=100] [101:sz=37,v=259,w=101] [102:sz=39,v=270,w=102] [103:sz=38,v=266,w=103] [104:sz=40,v=277,w=104] [105:sz=39,v=273,w=105] [106:sz=38,v=269,w=106] [107:sz=40,v=280,w=107] [108:sz=39,v=276,w=108] [109:sz=41,v=287,w=109] [110:sz=40,v=283,w=110] [111:sz=39,v=279,w=111] [112:sz=41,v=290,w=112] [113:sz=40,v=286,w=113] [114:sz=42,v=297,w=114] [115:sz=41,v=293,w=115] [116:sz=40,v=289,w=116] [117:sz=42,v=300,w=117] [118:sz=41,v=296,w=118] [119:sz=43,v=307,w=119] [120:sz=42,v=303,w=120] [121:sz=41,v=299,w=121] [122:sz=43,v=310,w=122] [123:sz=42,v=306,w=123] [124:sz=44,v=317,w=124] [125:sz=43,v=313,w=125] [126:sz=43,v=311,w=126] [127:sz=43,v=311,w=127] [128:sz=43,v=312,w=128] [129:sz=41,v=303,w=129] [130:sz=42,v=308,w=130] [131:sz=42,v=310,w=131] [132:sz=43,v=315,w=132] [133:sz=43,v=317,w=133] [134:sz=43,v=316,w=134] [135:sz=43,v=319,w=135]
Max kernel support size: 4
Max kernel index: 135
Entries in solution with max support size (index 135): (1, 9) (2, 18) (5, 15) (15, 1) 

